1144 -2 1951 7.799997 1
1051 -2 1951 9.000001 1
1093 -2 1847 9.000001 1
1088 -2 1937 3.200002 0
1102 -2 1937 3.200002 0
1106 -2 1937 3.200002 0
1110 -2 1937 3.200002 0
1113 -2 1937 3.200002 0
1116 -2 1937 3.200002 0
1120 -2 1937 3.200002 0
1120 -2 1928 3.200002 0
1116 -2 1928 3.200002 0
1112 -2 1928 3.200002 0
1108 -2 1928 3.200002 0
1103 -2 1928 3.200002 0
1121 -2 1933 3.200002 0
1118 -2 1933 3.200002 0
1113 -2 1933 3.500002 0
1109 -2 1933 3.500002 0
1104 -2 1933 3.500002 0
1084 -1 1938 2.700003 0
1081 -1 1938 2.700003 0
1078 -1 1938 2.700003 0
1075 -1 1938 2.700003 0
1072 -1 1938 2.700003 0
1069 -1 1938 2.700003 0
1066 -1 1938 2.700003 0
1088 -1 1929 2.700003 0
1085 -1 1929 2.700003 0
1083 -1 1929 2.700003 0
1080 -1 1929 2.700003 0
1077 -1 1929 2.700003 0
1074 -1 1929 2.700003 0
1073 -1 1929 2.700003 0
1070 -1 1929 2.700003 0
1069 -1 1929 2.700003 0
1086 -1 1933 3.200002 0
1082 -1 1934 3.200002 0
1074 -1 1934 3.200002 0
1069 -1 1934 3.200002 0
1066 0 1934 2.500003 0
1040 0 1919 2.500003 0
1040 0 1896 2.500003 0
1040 0 1887 2.500003 0
1040 0 1860 2.500003 0
1056 0 1860 2.500003 0
1057 0 1885 2.500003 0
1057 0 1898 2.500003 0
1057 0 1919 2.500003 0
1041 0 1916 2.500003 0
1041 0 1913 2.200003 0
1041 0 1911 2.200003 0
1041 0 1909 2.200003 0
1041 0 1907 2.200003 0
1041 0 1905 2.200003 0
1041 0 1903 2.700003 0
1041 0 1900 2.700003 0
1059 0 1901 2.700003 0
1059 0 1903 2.700003 0
1059 0 1905 2.300003 0
1059 0 1907 2.300003 0
1059 0 1909 2.300003 0
1059 0 1911 2.300003 0
1059 0 1913 2.700003 0
1059 0 1916 2.700003 0
1041 0 1862 2.700003 0
1041 0 1865 2.700003 0
1041 0 1868 3.100002 0
1041 0 1872 3.100002 0
1041 0 1875 3.100002 0
1041 0 1878 3.100002 0
1041 0 1881 2.700003 0
1041 0 1884 2.400003 0
1058 0 1882 2.400003 0
1058 0 1880 2.400003 0
1058 0 1878 2.400003 0
1058 0 1875 2.400003 0
1058 0 1872 2.400003 0
1058 0 1869 2.400003 0
1058 0 1867 2.400003 0
1058 0 1864 2.400003 0
1054 0 1919 2.400003 0
1051 0 1919 2.400003 0
1048 0 1919 2.400003 0
1045 0 1919 2.400003 0
1043 0 1919 1.900003 0
1047 0 1913 2.800003 0
1053 0 1913 2.800003 0
1055 0 1909 1.900003 0
1050 0 1909 1.900003 0
1044 0 1909 1.900003 0
1047 0 1903 2.800003 0
1052 0 1903 2.800003 0
1055 0 1897 2.300003 0
1053 0 1897 2.300003 0
1050 0 1897 2.300003 0
1047 0 1897 2.300003 0
1045 0 1897 2.300003 0
1042 0 1897 2.300003 0
1044 0 1886 2.300003 0
1047 0 1886 2.300003 0
1050 0 1886 2.300003 0
1052 0 1886 2.300003 0
1054 0 1886 2.300003 0
1054 0 1882 2.300003 0
1048 0 1881 2.300003 0
1044 0 1881 1.800003 0
1046 0 1877 2.600003 0
1051 0 1877 2.600003 0
1045 0 1872 2.600003 0
1049 0 1872 2.600003 0
1053 0 1872 2.600003 0
1051 0 1867 2.600003 0
1046 0 1867 2.600003 0
1043 0 1860 2.200003 0
1046 0 1860 2.200003 0
1049 0 1860 2.200003 0
1051 0 1860 2.200003 0
1053 0 1860 2.200003 0
920 -2 1943 2.200003 0
925 -2 1936 2.200003 0
932 -2 1929 2.200003 0
941 -2 1923 2.200003 0
949 -2 1914 2.200003 0
957 -2 1906 2.200003 0
871 0 1628 2.600003 3
874 0 1632 2.600003 3
877 0 1636 2.600003 3
880 0 1639 2.600003 3
884 0 1645 2.600003 3
889 0 1653 2.600003 3
893 0 1657 2.600003 3
898 0 1665 2.600003 3
903 0 1672 2.600003 3
910 0 1681 2.600003 3
915 0 1687 2.600003 3
922 0 1696 2.600003 3
928 0 1700 2.600003 3
933 0 1706 2.600003 3
940 0 1706 2.600003 3
946 0 1706 2.600003 3
952 0 1707 2.600003 3
959 0 1702 2.600003 3
961 0 1697 2.600003 3
961 0 1686 2.600003 3
961 0 1677 2.600003 3
961 0 1669 2.600003 3
961 0 1659 2.600003 3
961 0 1650 2.600003 3
961 0 1644 2.600003 3
961 0 1638 2.600003 3
961 0 1633 2.600003 3
961 0 1628 2.600003 3
974 0 1630 3.000002 3
972 0 1644 3.000002 3
971 0 1664 3.000002 3
971 0 1680 3.000002 3
971 0 1690 3.000002 3
971 0 1702 3.000002 3
971 0 1712 3.000002 3
971 0 1727 3.000002 3
971 0 1721 3.000002 3
972 0 1733 3.000002 3
973 0 1739 3.000002 3
975 0 1743 3.000002 3
976 0 1748 3.000002 3
976 0 1753 3.000002 3
978 0 1757 3.000002 3
981 0 1761 3.000002 3
983 0 1766 3.000002 3
985 0 1772 3.000002 3
986 0 1779 3.000002 3
989 0 1786 3.000002 3
991 0 1792 3.000002 3
994 0 1799 3.000002 3
978 0 1733 3.000002 3
983 0 1736 3.000002 3
988 0 1738 3.000002 3
993 0 1738 3.000002 3
998 0 1738 3.000002 3
1003 0 1735 3.000002 3
1006 0 1729 3.000002 3
1007 0 1723 3.000002 3
1007 0 1717 3.000002 3
1007 0 1711 3.000002 3
1007 0 1706 3.000002 3
1007 0 1700 3.000002 3
1007 0 1693 3.000002 3
1005 0 1686 3.000002 3
1005 0 1680 3.000002 3
1003 0 1674 3.000002 3
1003 0 1670 3.000002 3
1001 0 1666 3.000002 3
997 0 1662 3.000002 3
994 0 1659 3.000002 3
990 0 1659 3.000002 3
985 0 1656 3.000002 3
980 0 1659 3.000002 3
975 0 1659 3.000002 3
971 0 1653 3.000002 3
972 0 1637 3.000002 3
1119 0 1631 3.000002 3
1111 0 1631 3.000002 3
1104 0 1633 3.000002 3
1096 0 1633 3.000002 3
1089 0 1633 3.000002 3
1083 0 1633 3.000002 3
1076 0 1633 3.000002 3
1069 0 1633 3.000002 3
1062 0 1633 3.000002 3
1054 0 1633 3.000002 3
1048 0 1639 3.000002 3
1042 0 1647 3.000002 3
1041 0 1660 3.000002 3
1040 0 1669 3.000002 3
1039 0 1677 3.000002 3
1037 0 1684 3.000002 3
1034 0 1690 3.000002 3
1032 0 1696 3.000002 3
1030 0 1706 3.000002 3
1027 0 1712 3.000002 3
1024 0 1717 3.000002 3
1022 0 1724 3.000002 3
1020 0 1732 3.000002 3
1020 0 1742 3.000002 3
1020 0 1754 3.000002 3
1024 0 1758 3.000002 3
1028 0 1762 3.000002 3
1033 0 1766 3.000002 3
1039 0 1764 3.000002 3
1044 0 1758 3.000002 3
1047 0 1752 3.000002 3
1048 0 1748 3.000002 3
1053 0 1743 3.000002 3
1057 0 1736 3.000002 3
1001 -3 1809 3.400002 0
998 -3 1807 3.400002 0
1006 -3 1807 3.400002 0
1010 -3 1804 3.400002 0
1012 -3 1801 3.400002 0
1014 -3 1796 3.400002 0
1016 -3 1794 3.400002 0
1018 -3 1792 3.400002 0
996 -3 1804 3.400002 0
991 -2 1800 1.900003 0
987 -2 1797 1.900003 0
984 -2 1794 1.900003 0
962 -2 1716 1.900003 0
958 -2 1716 1.900003 0
954 -2 1716 1.900003 0
952 -2 1716 1.900003 0
949 -2 1716 1.900003 0
946 -2 1716 1.900003 0

943 -2 1716 1.900003 0
940 -2 1716 1.900003 0
937 -2 1716 1.900003 0
934 -2 1716 1.900003 0
931 -2 1716 1.900003 0
929 -2 1716 1.900003 0
962 -2 1719 1.900003 0
960 -2 1719 1.900003 0
957 -2 1719 1.900003 0
955 -2 1719 1.900003 0
952 -2 1719 1.900003 0
948 -2 1719 1.900003 0
946 -2 1719 1.900003 0
944 -2 1719 1.900003 0
942 -2 1719 1.900003 0
939 -2 1719 1.900003 0
935 -2 1719 1.900003 0
931 -2 1719 1.900003 0
930 -2 1719 1.900003 0
962 -2 1721 1.900003 0
959 -2 1721 1.900003 0
956 -2 1721 1.900003 0
953 -2 1721 1.900003 0
950 -2 1721 1.900003 0
948 -2 1721 1.900003 0
946 -2 1721 1.900003 0
944 -2 1721 1.900003 0
941 -2 1721 1.900003 0
938 -2 1721 1.900003 0
936 -2 1721 1.900003 0
934 -2 1721 1.900003 0
922 -5 1640 10.500007 1
1070 -5 1671 11.100009 1
1005 -6 1773 11.700011 1
769 0 1542 1.200003 2
776 0 1549 1.200003 2
755 0 1549 1.200003 2
757 0 1455 1.200003 2
768 0 1441 1.200003 2
738 0 1480 1.200003 2
733 0 1445 1.200003 2
733 0 1462 1.200003 2
947 -1 1452 3.000002 4
979 -1 1405 3.000002 4
946 -1 1405 3.000002 4
647 -1 1503 1.500003 3
647 -1 1471 1.500003 3
585 -1 1480 1.500003 3
561 -1 1472 1.500003 3
590 -1 1508 1.500003 3
590 -1 1401 1.500003 3
603 -1 1434 1.500003 3
554 -1 1420 1.500003 3
659 -1 1395 1.500003 3
669 -1 1269 1.400003 0
658 -1 1269 1.400003 0
648 -1 1269 1.400003 0
637 -1 1269 1.400003 0
626 -1 1269 1.400003 0
614 -1 1269 1.400003 0
602 -1 1269 1.400003 0
590 -1 1269 1.400003 0
577 -1 1269 1.400003 0
562 -1 1269 1.400003 0
545 -1 1269 1.400003 0
528 -1 1269 1.400003 0
429 -1 1617 6.599999 3
429 -1 1463 7.899998 3
761 -1 1243 3.400002 4
786 -1 1259 3.900002 4
745 -2 1264 3.900002 4
1215 -4 1404 4.900001 0
1278 -4 1453 4.900001 0
1302 -4 1508 4.900001 0
1277 -4 1531 4.900001 0
1223 -4 1501 4.900001 0
1159 -4 1399 4.900001 0
1100 -4 1402 4.900001 0
617 2 1038 2.400003 4
617 2 1043 2.400003 4
617 2 1032 2.400003 4
595 2 1035 2.400003 4
595 2 1040 2.400003 4
582 2 1044 2.400003 4
582 2 1041 2.400003 4
582 2 1037 2.400003 4
582 2 1033 2.400003 4
576 -1 1031 2.400003 0
576 -1 1034 2.400003 0
576 -1 1037 2.400003 0
576 -1 1040 2.400003 0
576 -1 1043 2.400003 0
576 -1 1046 2.400003 0
576 -1 1049 2.400003 0
576 -1 1028 2.400003 0
580 -1 1029 2.400003 0
583 -1 1029 2.400003 0
587 -1 1029 2.400003 0
591 -1 1029 2.400003 0
596 -1 1029 2.400003 0
600 -1 1029 2.400003 0
605 -1 1029 2.400003 0
609 -1 1029 2.400003 0
613 -1 1029 2.400003 0
617 -1 1029 2.400003 0
621 -1 1029 2.400003 0
621 -1 1033 2.400003 0
621 -1 1037 2.400003 0
621 -1 1041 2.400003 0
621 -1 1044 2.400003 0
621 -1 1047 2.400003 0
621 -1 1050 2.400003 0
618 -1 1050 2.400003 0
615 -1 1050 2.400003 0
610 -1 1050 2.400003 0
606 -1 1050 2.400003 0
601 -1 1050 2.400003 0
596 -1 1050 2.400003 0
591 -1 1050 2.400003 0
587 -1 1050 2.400003 0
582 -1 1050 2.400003 0
589 1 1041 3.700002 4
603 1 1039 3.700002 4
673 1 646 1.300003 0
617 1 646 1.300003 0
599 1 646 1.300003 0
582 1 646 1.300003 0
568 1 646 1.300003 0
556 1 646 1.300003 0
545 1 646 1.300003 0
535 1 646 1.300003 0
527 1 646 1.300003 0
519 1 646 1.300003 0
511 1 646 1.300003 0
504 1 646 1.300003 0
496 1 646 1.300003 0
483 1 646 1.300003 0
474 1 646 1.300003 0
465 1 646 1.300003 0
452 1 646 1.300003 0
145 -1 -1778 1.300003 0
145 -1 -1772 1.300003 0
145 -1 -1764 1.300003 0
145 -1 -1758 1.300003 0
168 -1 -1847 1.300003 0
199 -1 -1783 1.300003 0
186 -1 -1807 1.300003 0
213 -1 -1734 1.300003 0
231 -1 -1708 3.800002 1
247 -2 -1695 4.300002 1
172 -2 -1695 4.300002 1
159 -2 -1729 4.300002 2
165 -2 -1710 4.300002 2
216 -2 -1663 4.300002 2
294 -2 -1663 4.300002 5
355 -2 -1629 4.300002 5
332 -2 -1575 4.300002 5
292 -2 -1609 4.300002 5
243 -2 -1640 4.300002 5
504 -2 -1461 5.300001 4
468 -2 -1461 5.300001 4
595 -2 -1461 5.300001 4
629 -2 -1461 5.300001 4
806 -2 -1192 4.800001 3
806 -2 -1261 4.800001 3
776 -2 -1290 4.800001 3
776 -2 -1208 4.800001 3
734 -2 -1259 4.800001 3
1246 -2 -820 4.800001 2
1273 -2 -820 4.800001 2
1163 -2 -820 4.800001 2
1135 -2 -834 4.800001 2
1193 -2 -795 4.800001 2
1285 -2 -780 4.800001 2
1425 -2 -650 7.299999 4
1380 -2 -611 7.299999 4
1452 -2 -540 7.299999 5
1470 -2 -495 7.299999 5
1542 -2 -559 7.299999 5
1574 -2 -508 7.299999 5
1820 -2 -277 3.400002 0
1751 -2 -264 3.400002 0
2920 -2 584 3.400002 0
2899 -2 585 3.400002 1
2834 -2 585 3.400002 1
2896 -2 560 3.400002 2
2928 -2 560 3.400002 2
2905 -2 537 3.400002 2
2906 -2 525 3.400002 2
2893 -2 525 3.400002 2
2886 -2 532 3.400002 2
2870 -2 532 3.400002 2
2870 -2 495 6.000000 4
3237 -2 911 6.000000 4
3237 -2 936 6.000000 4
3275 -2 940 6.000000 4
3363 -2 940 6.000000 4
3286 -2 874 6.000000 5
3425 -2 992 6.000000 5
3583 -4 1091 6.000000 0
3583 -4 1148 6.000000 0
3536 -4 1063 6.000000 0
3474 -4 1090 6.000000 0
3740 -4 1206 4.400002 0
4848 -2 304 3.800002 0
4838 -2 304 3.800002 0
4827 -2 304 3.800002 0
4817 -2 304 3.800002 0
4805 -2 304 3.800002 0
4793 -2 304 3.800002 0
4780 -2 304 3.800002 0
4767 -2 304 3.800002 0
4773 -2 298 4.400002 0
4785 -2 298 4.400002 0
4798 -2 298 4.400002 0
4811 -2 298 4.400002 0
4822 -2 298 4.400002 0
4833 -2 298 4.400002 0
4844 -2 298 4.400002 0
4851 -2 294 4.400002 0
4851 -2 283 4.400002 0
4851 -2 272 4.400002 0
4851 -2 261 4.400002 0
4851 -2 250 4.400002 0
4851 -2 237 4.400002 0
4851 -2 226 4.400002 0
4851 -2 215 4.400002 0
4851 -2 204 4.400002 0
4851 -2 193 4.400002 0
4851 -2 180 4.400002 0
4851 -2 167 4.400002 0
4851 -2 154 4.400002 0
4851 -2 141 4.400002 0
4851 -2 128 4.400002 0
4851 -2 115 4.400002 0
4851 -2 103 4.400002 0
4851 -2 89 4.400002 0
4851 -2 76 4.400002 0
4851 -2 63 4.400002 0
4845 -2 210 4.400002 0
4837 -2 209 4.400002 0
4827 -2 209 4.400002 0
4817 -2 209 4.400002 0
4807 -2 209 4.400002 0
4797 -2 209 4.400002 0
4787 -2 209 4.400002 0
4778 -2 209 4.400002 0
4784 -2 197 3.700002 0
4793 -2 197 3.700002 0
4802 -2 197 3.700002 0
4810 -2 197 3.700002 0
4821 -2 197 3.700002 0
4830 -2 197 3.700002 0
4839 -2 197 3.700002 0
4776 -5 197 10.900009 1
4785 1 63 2.900003 2
4785 1 69 2.900003 2
4785 1 76 2.900003 2
4785 1 83 2.900003 2
4785 1 91 2.900003 2
4785 1 99 2.900003 2
4785 1 107 2.900003 2
4783 1 115 2.900003 2
4779 1 123 2.900003 2
4776 1 131 2.900003 2
4774 1 140 2.900003 2
4770 1 148 2.900003 2
4766 1 156 2.900003 2
4764 1 168 2.900003 2
4761 1 180 2.900003 2
4757 1 193 2.900003 2
4757 1 203 2.900003 2
4756 1 210 2.900003 2
4756 1 218 2.900003 2
4756 1 224 2.900003 2
4756 1 230 2.900003 2
4756 1 236 2.900003 2
4756 1 243 2.900003 2
4753 1 250 2.900003 2
4753 1 255 2.600004 2
4752 1 260 2.600004 2
4749 1 264 2.600004 2
4749 1 272 2.600004 2
4749 1 278 2.600004 2
4745 1 284 2.600004 2
4743 1 291 2.600004 2
4738 1 296 2.600004 2
4734 1 304 2.600004 2
4726 1 300 2.600004 2
4720 1 304 2.600004 2
4730 1 306 2.600004 2
4724 1 306 2.600004 2
4715 1 298 2.600004 2
4708 1 298 2.600004 2
4712 1 307 2.600004 2
4704 1 291 2.600004 2
4701 1 285 2.600004 2
4700 1 280 2.600004 2
4696 1 274 2.600004 2
4696 1 267 2.600004 2
4696 1 261 2.600004 2
4696 1 254 2.600004 2
4696 1 249 2.600004 2
4696 1 243 2.600004 2
4696 1 237 2.600004 2
4692 1 231 2.600004 2
4689 1 226 2.600004 2
4689 1 221 2.600004 2
4689 1 216 2.600004 2
4689 1 209 2.600004 2
4689 1 203 2.600004 2
4689 1 197 2.600004 2
4689 1 192 2.600004 2
4689 1 186 2.600004 2
4689 1 180 2.600004 2
4689 1 174 2.600004 2
4689 1 165 2.600004 2
4689 1 158 2.600004 2
4686 1 152 2.600004 2
4684 1 143 2.600004 2
4682 1 135 2.600004 2
4680 1 126 2.600004 2
4680 1 119 2.600004 2
4677 1 115 2.600004 2
4677 1 108 2.600004 2
4675 1 102 2.600004 2
4675 1 96 2.600004 2
4675 1 89 2.600004 2
4673 1 83 2.600004 2
4670 1 78 2.600004 2
4667 1 72 2.600004 2
4667 1 65 2.600004 2
4662 1 59 2.600004 2
4655 1 55 2.600004 2
4761 1 174 2.600004 2
4757 1 174 2.600004 2
4753 1 174 2.300004 2
4749 1 174 2.300004 2
4745 1 174 2.300004 2
4741 1 174 2.300004 2
4737 1 174 2.300004 2
4733 1 174 2.300004 2
4729 1 174 2.300004 2
4725 1 174 2.300004 2
4721 1 174 2.300004 2
4717 1 174 2.300004 2
4713 1 174 2.300004 2
4710 1 174 2.300004 2
4707 1 174 2.300004 2
4703 1 174 2.300004 2
4699 1 174 2.300004 2
4695 1 174 2.300004 2
4693 1 180 2.800004 2
4697 1 179 2.800004 2
4701 1 179 2.800004 2
4706 1 179 2.800004 2
4710 1 179 2.800004 2
4714 1 179 2.800004 2
4718 1 179 2.800004 2
4723 1 179 2.800004 2
4727 1 179 2.800004 2
4731 1 179 2.800004 2
4733 1 179 2.800004 2
4736 1 179 2.800004 2
4740 1 179 2.800004 2
4743 1 179 2.800004 2
4748 1 179 2.800004 2
4751 1 179 2.800004 2
4754 1 179 2.800004 2
4727 -1 114 9.400003 3
4651 -1 61 2.600004 1
4651 -1 68 2.600004 1
4651 -1 74 2.600004 1
4651 -1 80 2.600004 1
4651 -1 87 2.600004 1
4651 -1 95 2.600004 1
4651 -1 103 2.600004 1
4651 -1 111 2.600004 1
4651 -1 118 2.600004 1
4651 -1 125 2.600004 1
4651 -1 133 2.600004 1
4660 -1 140 2.600004 1
4660 -1 146 2.600004 1
4660 -1 152 2.600004 1
4660 -1 158 2.600004 1
4660 -1 164 2.600004 1
4660 -1 171 2.600004 1
4660 -1 177 2.600004 1
4660 -1 185 2.600004 1
4660 -1 191 2.600004 1
4660 -1 198 2.600004 1
4660 -2 205 3.400003 1
4660 -2 213 3.400003 1
4660 -2 223 3.400003 1
4660 -2 234 3.400003 1
4660 -2 243 3.400003 1
4660 -2 252 3.400003 1
4660 -2 264 3.400003 1
4660 -2 278 3.400003 1
4660 -2 287 3.400003 1
4660 -2 271 3.400003 1
4660 -2 294 3.400003 1
4660 -2 302 3.400003 1
4660 -2 307 3.400003 1
4653 -2 307 3.400003 1
4655 -2 307 3.400003 1
4646 -2 307 3.400003 1
4649 -2 300 3.400003 1
4592 -2 297 3.400003 1
4588 -2 290 3.400003 1
4588 -2 276 3.400003 1
4592 -2 276 3.400003 1
4589 -2 282 2.900003 1
4587 -2 270 2.900003 1
4592 -2 263 2.900003 1
4591 -2 255 2.900003 1
4591 -2 248 2.900003 1
4588 -2 240 2.900003 1
4583 -2 235 2.900003 1
4582 -2 229 2.900003 1
4585 -2 224 2.900003 1
4585 -2 216 2.900003 1
4582 -2 216 2.900003 1
4581 -2 209 2.900003 1
4585 -2 198 2.900003 1
4582 -2 190 2.900003 1
4584 -2 179 2.900003 1
4583 -2 168 2.900003 1
4586 -2 155 2.900003 1
4583 -2 148 2.900003 1
4580 -2 140 2.900003 1
4580 -2 131 2.900003 1
4580 -2 122 2.900003 1
4580 -2 115 2.900003 1
4576 -2 105 2.900003 1
4571 -2 96 2.900003 1
4569 -2 88 2.900003 1
4569 -2 79 2.900003 1
4564 -2 70 2.900003 1
4556 -2 63 2.900003 1
4543 -2 54 2.900003 1
4574 -2 84 2.900003 1
4579 -2 90 2.900003 1
4581 -2 95 3.500003 1
4585 -2 102 3.500003 1
4591 -2 113 3.500003 1
4596 -2 121 3.500003 1
4599 -2 128 3.500003 1
4601 -2 132 3.500003 1
4607 -2 140 3.500003 1
4617 -2 148 3.500003 1
4624 -2 158 3.500003 1
4622 -2 166 3.500003 1
4626 -2 174 3.500003 1
4618 -2 178 3.500003 1
4625 -2 185 3.500003 1
4620 -2 197 3.500003 1
4625 -2 202 3.500003 1
4631 -2 220 3.500003 1
4626 -2 212 3.500003 1
4630 -2 228 3.500003 1
4632 -2 237 3.500003 1
4636 -2 242 3.500003 1
4639 -2 253 3.500003 1
4641 -2 260 3.500003 1
4639 -2 270 3.500003 1
4643 -2 276 3.500003 1
4643 -2 283 3.500003 1
4641 -2 290 3.500003 1
4645 -2 295 3.500003 1
4647 -1 218 6.000000 5
4610 -1 218 2.900003 4
4602 -1 203 2.900003 4
4613 -1 201 2.900003 4
3878 0 213 4.700002 3
3875 -1 205 3.000003 0
3872 -1 197 3.000003 0
3872 -1 187 3.000003 0
3875 -1 180 3.000003 0
3875 -1 171 3.000003 0
3875 -1 163 3.000003 0
3868 -1 156 3.000003 0
3868 -1 147 3.000003 0
3868 -1 139 3.000003 0
3874 -1 130 3.000003 0
3874 -1 121 3.000003 0
3868 -1 115 3.000003 0
3868 -1 106 3.000003 0
3868 -1 99 3.000003 0
3876 -1 90 3.000003 0
3876 -1 81 3.000003 0
3869 -1 71 3.000003 0
3878 -1 60 3.000003 0
3885 -1 66 3.000003 0
3894 -1 62 3.000003 0
3891 -1 77 3.000003 0
3891 -1 84 3.000003 0
3891 -1 91 3.500003 0
3891 -1 98 3.500003 0
3891 -1 105 3.500003 0
3891 -1 112 3.500003 0
3891 -1 118 3.500003 0
3891 -1 125 3.500003 0
3891 -1 133 3.500003 0
3891 -1 139 3.500003 0
3891 -1 146 3.500003 0
3891 -1 153 3.500003 0
3891 -1 160 3.500003 0
3891 -1 168 3.500003 0
3891 -1 181 3.500003 0
3891 -1 175 3.500003 0
3891 -1 187 3.500003 0
3891 -1 194 3.500003 0
3891 -1 200 3.500003 0
3891 -1 206 3.500003 0
3818 -1 306 3.200003 0
3827 -1 306 3.200003 0
3823 -1 300 3.200003 0
3953 -1 299 3.200003 0
3944 -1 297 3.200003 0
3950 -1 290 3.200003 0
3942 -1 290 3.200003 0
3939 -1 281 3.200003 0
3933 -1 273 3.200003 0
3927 -1 264 3.200003 0
3919 -1 253 3.200003 0
3909 -1 238 3.200003 0
3897 -1 221 3.200003 0
3829 -1 299 3.200003 0
3836 -1 285 3.200003 0
3846 -1 266 3.200003 0
3854 -1 252 3.200003 0
3862 -1 238 3.200003 0
3869 -1 225 3.200003 0
3869 -1 219 2.700004 0
3876 -1 217 2.700004 0
3881 -1 217 2.700004 0
3885 -1 217 2.700004 0
3890 -1 217 2.700004 0
3895 -1 214 2.700004 0
3896 -1 71 2.700004 0
3892 -1 67 2.400004 0
3884 -1 71 2.400004 0
3881 -1 75 2.400004 0
3974 -2 300 3.200003 1
3982 -2 299 3.200003 1
3989 -2 299 3.200003 1
3978 -2 291 3.200003 1
3971 -2 284 3.200003 1
4000 -2 297 3.200003 1
3995 -2 287 3.200003 1
3994 -2 298 3.200003 1
4006 -2 296 3.200003 1
4013 -2 296 3.200003 1
4011 -2 290 3.200003 1
4018 -2 287 3.200003 1
4055 0 194 4.200002 4
4055 -2 201 4.100002 1
4055 -2 187 4.100002 1
4043 -2 253 4.100002 1
4030 -2 276 4.100002 1
4041 -2 272 4.100002 1
4049 -2 229 4.100002 1
4052 -2 243 4.100002 1
4024 -2 291 3.500003 1
4028 -2 284 3.500003 1
4037 -2 273 3.500003 1
4042 -2 265 3.500003 1
4044 -2 259 3.500003 1
4042 -2 247 3.500003 1
4049 -2 235 3.500003 1
4054 -2 222 3.500003 1
4050 -2 215 3.900002 1
4052 -2 208 3.500003 1
4050 -2 193 3.500003 1
4054 -2 178 4.500002 1
3963 -2 66 3.700003 1
3970 -2 70 3.700003 1
3978 -2 65 3.700003 1
3985 -2 67 3.700003 1
3991 -2 64 3.400003 1
3987 -2 60 3.400003 1
3972 -2 60 3.400003 1
3999 -2 60 3.400003 1
4007 -2 69 3.400003 1
4014 -2 75 3.400003 1
3995 -2 66 3.400003 1
4002 -2 69 3.400003 1
4010 -2 69 3.400003 1
4052 -2 106 3.400003 1
4059 -2 134 3.700003 1
4061 -2 117 3.700003 1
4061 -2 154 3.700003 1
4043 -2 80 3.700003 1
4055 -2 91 3.700003 1
4056 -2 99 3.700003 1
4024 -2 75 3.700003 1
4032 -2 80 3.700003 1
4036 -2 76 3.700003 1
4019 -2 78 3.700003 1
4051 -2 84 3.400003 1
4051 -2 89 3.400003 1
4045 -2 84 3.400003 1
4057 -2 95 3.400003 1
4057 -2 111 3.400003 1
4060 -2 125 3.400003 1
4064 -2 142 3.400003 1
4060 -2 139 3.400003 1
4060 -2 148 3.400003 1
4060 -2 162 3.400003 1
4057 -2 170 3.400003 1
4054 -2 165 3.400003 1
4054 -2 158 3.400003 1
4094 -1 178 5.100001 3
4186 -1 177 5.100001 3
4144 -1 297 5.100001 3
4149 -1 303 3.000003 2
4134 -1 299 3.000003 2
4127 -1 301 3.000003 2
4121 -1 301 3.000003 2
4132 -1 293 3.000003 2
4125 -1 297 3.000003 2
4138 -1 297 3.000003 2
4149 -1 297 3.000003 2
4156 -1 297 3.000003 2
4153 -1 301 3.000003 2
4129 -1 296 2.700004 2
4127 -1 284 2.400004 2
4108 -1 269 2.400004 2
4099 -1 217 2.400004 2
4102 -1 250 2.400004 2
4116 -1 278 2.400004 2
4131 -1 289 2.400004 2
4121 -1 281 2.400004 2
4111 -1 274 2.400004 2
4104 -1 262 2.400004 2
4099 -1 233 2.400004 2
4095 -1 190 2.400004 2
4097 -1 206 2.400004 2
4099 -1 224 2.400004 2
4103 -1 244 2.400004 2
4103 -1 257 2.400004 2
4178 -1 257 2.400004 2
4169 -1 288 2.400004 2
4160 -1 290 2.400004 2
4165 -1 290 2.400004 2
4157 -1 293 2.400004 2
4174 -1 275 2.400004 2
4186 -1 210 2.400004 2
4184 -1 235 2.400004 2
4188 -1 195 2.400004 2
4184 -1 223 2.400004 2
4180 -1 245 2.400004 2
4176 -1 267 2.400004 2
4172 -1 283 2.400004 2
4171 -1 279 2.400004 2
4167 -1 284 2.400004 2
4171 -1 270 2.400004 2
4171 -1 261 2.400004 2
4180 -1 251 2.400004 2
4182 -1 240 2.400004 2
4184 -1 229 2.400004 2
4184 -1 217 2.400004 2
4187 -1 203 2.400004 2
4189 -1 185 2.400004 2
4187 -1 166 2.400004 2
4219 -1 60 2.400004 2
4078 -1 60 2.400004 2
4073 -1 64 2.400004 2
4072 -1 73 2.400004 2
4092 -1 153 2.400004 2
4086 -1 111 2.400004 2
4082 -1 86 2.400004 2
4080 -1 70 2.400004 2
4081 0 77 2.100004 2
4083 0 95 2.100004 2
4088 0 125 2.100004 2
4089 0 140 2.100004 2
4092 0 166 2.100004 2
4093 0 171 1.800004 2
4092 0 160 1.800004 2
4091 0 147 1.800004 2
4090 0 132 1.800004 2
4086 0 118 1.800004 2
4083 0 104 1.800004 2
4081 0 60 1.800004 2
4215 0 63 1.800004 2
4219 0 63 1.800004 2
4216 0 60 1.800004 2
4212 0 64 1.800004 2
4210 0 59 1.800004 2
4201 0 103 1.800004 2
4206 0 89 1.800004 2
4210 0 78 1.800004 2
4214 0 69 1.800004 2
4211 0 73 1.800004 2
4208 0 83 1.800004 2
4203 0 98 1.800004 2
4205 0 94 1.800004 2
4192 0 139 2.300004 2
4195 0 122 2.300004 2
4198 0 111 2.300004 2
4193 0 152 2.300004 2
4195 0 144 2.300004 2
4197 0 130 2.300004 2
4197 0 117 2.300004 2
4197 0 134 2.300004 2
4191 0 158 2.300004 2
4180 0 170 2.300004 2
4173 -1 173 2.900003 2
4166 -1 173 2.900003 2
4161 -1 171 2.900003 2
4154 -1 173 2.900003 2
4148 -1 171 2.900003 2
4141 -1 172 2.900003 2
4134 -1 172 2.500004 2
4126 -1 175 2.500004 2
4120 -1 178 2.500004 2
4114 -1 178 2.500004 2
4107 -1 178 2.500004 2
4101 -1 178 2.500004 2
4104 0 188 2.100004 2
4099 0 187 2.100004 2
4110 0 187 2.100004 2
4116 0 187 2.100004 2
4120 0 189 2.100004 2
4126 0 190 2.100004 2
4132 0 190 2.100004 2
4138 0 190 2.100004 2
4144 0 190 2.100004 2
4149 0 190 2.100004 2
4156 0 190 2.100004 2
4161 0 190 2.100004 2
4166 0 190 2.100004 2
4171 0 190 2.100004 2
4176 0 190 2.100004 2
4181 0 190 2.100004 2
4414 -4 195 8.099998 1
4414 -2 303 5.300001 5
4519 -2 302 4.400002 5
4297 -2 302 4.400002 5
4415 -1 261 3.500003 4
4417 -1 238 3.500003 4
4411 -1 271 3.500003 4
4414 -1 57 4.600002 3
4413 -1 124 5.500001 3
3862 -4 1361 4.200002 0
3933 0 1341 2.700004 2
3971 -2 1508 2.700004 0
3996 -2 1553 2.700004 0
3962 -2 1528 2.700004 0
3971 -2 1625 2.700004 0
3991 -2 1592 2.700004 0
4124 -2 1644 4.700002 1
4242 -2 1861 4.700002 4
4277 -2 1832 4.700002 5
4361 -1 1957 4.700002 3
4522 -3 2192 4.700002 0
4553 -3 2261 4.100002 0
4582 -3 2281 3.800003 0
4491 -3 1860 6.200000 1
4613 -1 1842 6.200000 3
4699 -1 1855 5.100001 5
4943 -1 1860 3.300003 2
4932 -1 1851 3.300003 2
4943 -1 1837 3.300003 2
4966 -2 2168 3.300003 0
5001 -2 2003 3.300003 0
5022 -2 1878 3.300003 0
5037 -2 1769 3.300003 1
5048 -2 1712 3.300003 1
5014 -2 1571 2.900003 0
4987 -2 1564 2.900003 0
4980 -2 1564 2.900003 0
4975 -2 1550 2.900003 0
4973 -2 1540 2.900003 0
4979 -2 1527 2.900003 0
4984 -2 1513 2.900003 0
4988 -2 1498 2.900003 0
4993 -2 1485 2.900003 0
4997 -2 1471 2.900003 0
5009 -2 1452 2.900003 0
7041 -4 2102 10.800009 1
7494 -6 1874 10.800009 0
7955 -1 1589 5.600001 3
7955 0 1413 5.600001 3
7960 -4 1513 4.300002 0
7670 -3 1421 5.400001 1
7595 -5 481 9.100002 1
7503 -5 481 11.400011 1
7490 -5 249 9.600004 4
7377 -5 334 9.600004 5
6701 -5 284 9.600004 5
6692 -5 255 9.600004 5
6765 -5 242 9.200003 5
6781 -5 268 9.200003 4
6804 -1 303 4.800002 2
6814 -1 292 4.800002 2
6814 -1 274 4.800002 2
6810 -1 247 4.800002 2
6798 -1 320 4.800002 2
6756 -1 312 4.800002 2
6345 -1 23 4.800002 3
5922 -1 132 4.800002 4
5917 -3 107 4.800002 0
5904 -3 112 4.800002 0
5933 -3 96 4.800002 0
5810 -3 353 4.800002 0
5819 -3 339 4.800002 0
5834 -2 357 5.400001 5
5804 -2 563 3.700003 0
5841 -2 541 3.700003 0
5978 -5 542 9.200003 1
4839 -5 646 9.200003 1
4843 0 613 3.000003 2
4836 0 591 2.700004 2
4849 0 563 2.700004 2
4838 -1 522 2.700004 0
4845 -1 487 2.900003 0
4839 -1 454 2.900003 0
4836 -1 398 5.200001 3
5141 -1 193 6.600000 3
5127 -1 207 3.100003 4
5131 -1 166 3.100003 4
5156 -1 162 3.100003 4
5153 -1 218 3.100003 4
5154 -1 480 3.700003 5
5146 -1 467 3.700003 5
5148 -1 496 3.700003 5
5156 -2 459 2.300004 0
5150 -2 456 2.300004 0
5165 -2 467 2.300004 0
5173 -2 487 2.300004 0
5156 -2 507 2.300004 0
5142 -2 503 2.300004 0
5133 -2 490 2.300004 0
5124 -2 478 2.300004 0
